Landing Site Index, Radius [m], Theta [rad], Phi [rad]
Landing_site0: 3775244.8601354226, 1.5707963267948966, 0.0
Landing_site1: 3775244.8601354226, 1.5671002690966538, 0.04007475578567174
Landing_site2: 3775244.8601354226, 1.5634042113984112, 0.08014950563450428
Landing_site3: 3775244.8601354226, 1.5597081537001685, 0.12022424333677174
Landing_site4: 3775244.8601354226, 1.5560120960019257, 0.16029896323595286
Landing_site5: 3775244.8601354226, 1.552316038303683, 0.20037366011129595
Landing_site6: 3775244.8601354226, 1.5486199806054404, 0.24044832680374595
Landing_site7: 3775244.8601354226, 1.5449239229071976, 0.2805229582770212
Landing_site8: 3775244.8601354226, 1.5412278652089548, 0.32059754883632635
Landing_site9: 3775244.8601354226, 1.537531807510712, 0.36067209285586066
Landing_site10: 3775244.8601354226, 1.5338357498124695, 0.4007465847751874
Landing_site11: 3775244.8601354226, 1.5301396921142267, 0.4408210191183745
Landing_site12: 3775244.8601354226, 1.526443634415984, 0.4808953905006922
Landing_site13: 3775244.8601354226, 1.5227475767177412, 0.5209696936397191
Landing_site14: 3775244.8601354226, 1.5190515190194986, 0.5610439233620831
