Landing Site Index, Radius [m], Theta [rad], Phi [rad]
Landing_site0: 3775244.8601354226, 1.5707963267948966, 0.0
Landing_site1: 3775244.8601354226, 1.5707963267948966, 0.043770813483914456
Landing_site2: 3775244.8601354226, 1.5707963267948966, 0.08754162103098971
Landing_site3: 3775244.8601354226, 1.5707963267948966, 0.13131241643149988
Landing_site4: 3775244.8601354226, 1.5707963267948966, 0.17508319402892372
Landing_site5: 3775244.8601354226, 1.5707963267948966, 0.21885394860250953
Landing_site6: 3775244.8601354226, 1.5707963267948966, 0.26262467299320225
Landing_site7: 3775244.8601354226, 1.5707963267948966, 0.3063953621647202
Landing_site8: 3775244.8601354226, 1.5707963267948966, 0.3501660104222681
Landing_site9: 3775244.8601354226, 1.5707963267948966, 0.3939366121400451
Landing_site10: 3775244.8601354226, 1.5707963267948966, 0.43770716175761454
Landing_site11: 3775244.8601354226, 1.5707963267948966, 0.4814776537990444
Landing_site12: 3775244.8601354226, 1.5707963267948966, 0.5252480828796048
Landing_site13: 3775244.8601354226, 1.5707963267948966, 0.5690184437168744
Landing_site14: 3775244.8601354226, 1.5707963267948966, 0.6127887311374811
