Landing Site Index, Radius [m], Theta [rad], Phi [rad]
Landing_site0: 4775244.8601897, 1.5707963267948966, 0.0
Landing_site1: 4775291.923064677, 1.5707963267948966, 0.6679081571336484
Landing_site2: 4775412.901300647, 1.5707963267948966, 1.3357918940857267
Landing_site3: 4775555.795399395, 1.5707963267948966, 2.003637288467276
Landing_site4: 4775659.180782425, 1.5707963267948966, 2.671446901710115
Landing_site5: 4775678.641078828, 1.5707963267948966, -2.9439466422365177
Landing_site6: 4775605.8001350695, 1.5707963267948966, -2.2761471253170718
Landing_site7: 4775471.944627733, 1.5707963267948966, -1.6083175808850996
Landing_site8: 4775334.570621281, 1.5707963267948966, -0.9404486323502028
Landing_site9: 4775252.700174783, 1.5707963267948966, -0.2725478282997693
