Landing Site Index, Radius [m], Theta [rad], Phi [rad]
Landing_site0: 3775244.8601354226, 3.047866048095642, -2.8216632004279214
Landing_site1: 3775244.8601354226, 3.044169990397407, -2.7815951456550247
Landing_site2: 3775244.8601354226, 3.0404739326991574, -2.7415270398760185
Landing_site3: 3775244.8601354226, 3.0367778750009222, -2.701458877596382
Landing_site4: 3775244.8601354226, 3.033081817302673, -2.6613906534118272
Landing_site5: 3775244.8601354226, 3.0293857596044376, -2.6213223620181174
Landing_site6: 3775244.8601354226, 3.025689701906188, -2.58125399821718
Landing_site7: 3775244.8601354226, 3.021993644207953, -2.5411855569330797
Landing_site8: 3775244.8601354226, 3.0182975865097035, -2.501117033215706
Landing_site9: 3775244.8601354226, 3.0146015288114683, -2.461048422246812
Landing_site10: 3775244.8601354226, 3.010905471113219, -2.4209797193494076
Landing_site11: 3775244.8601354226, 3.0072094134149836, -2.380910919995291
Landing_site12: 3775244.8601354226, 3.003513355716734, -2.340842019811094
Landing_site13: 3775244.8601354226, 2.9998172980184847, -2.3007730145836547
Landing_site14: 3775244.8601354226, 2.9961212403202495, -2.260703900270513
